person 84.672 66.5945945945946 106.17599999999999 149.33333333333331
person 52.864 125.7897897897898 89.152 179.6036036036036
person 41.216 164.13213213213214 87.36 224.0
person 88.70400000000001 147.987987987988 159.93599999999998 224.0
person 177.856 41.033033033033036 224.0 181.62162162162164
chair 0.896 136.55255255255256 36.736000000000004 212.56456456456456
chair 0.448 106.28228228228228 13.888 139.24324324324323
sofa 84.672 76.01201201201201 157.248 161.44144144144144
chair 156.35199999999998 131.84384384384384 193.088 193.05705705705705
tvmonitor 187.712 61.213213213213216 195.776 72.64864864864865
