diningtable 40.32 131.64307692307693 163.7688888888889 221.9323076923077
person 145.8488888888889 73.05846153846153 173.22666666666666 120.61538461538461
person 191.64444444444445 75.12615384615384 224.0 125.44000000000001
person 135.39555555555555 87.53230769230768 197.61777777777777 219.17538461538462
person 67.2 70.30153846153846 101.0488888888889 136.46769230769232
person 94.08 63.40923076923077 127.92888888888889 127.50769230769231
person 33.84888888888889 68.23384615384616 76.65777777777777 146.11692307692306
person 1.4933333333333334 66.85538461538461 73.67111111111112 224.0
chair 135.89333333333335 160.5907692307692 218.52444444444444 224.0
chair 184.17777777777778 125.44000000000001 215.53777777777776 172.30769230769232
