person 0.448 78.848 20.608 174.42133333333334
person 25.984 60.33066666666666 56.896 107.52
person 49.728 78.25066666666666 69.888 109.90933333333332
person 86.016 66.304 107.96799999999999 164.864
person 95.42399999999999 95.57333333333334 129.47199999999998 187.56266666666667
person 45.696 128.42666666666668 77.056 219.81866666666664
person 0.448 178.00533333333334 20.608 224.0
person 19.264 175.01866666666666 46.592 224.0
person 49.28 180.99200000000002 68.992 224.0
person 70.784 171.43466666666666 98.56 224.0
person 64.064 204.288 88.70400000000001 224.0
horse 0.448 102.144 129.92 176.2133333333333
person 211.456 89.60000000000001 224.0 166.656
person 205.184 63.31733333333334 224.0 152.32000000000002
person 168.89600000000002 49.57866666666666 201.6 142.16533333333334
horse 141.568 16.725333333333335 184.128 132.608
