sofa 33.6 82.432 224.0 217.42933333333335
person 30.016000000000002 36.43733333333333 95.42399999999999 155.904
bottle 43.008 160.68266666666668 54.208 205.48266666666666
bottle 51.968 160.08533333333332 60.480000000000004 199.50933333333336
bottle 55.104 152.32000000000002 63.61599999999999 190.54933333333332
bottle 64.96 154.70933333333332 76.608 194.73066666666665
bottle 68.992 143.36 77.50399999999999 183.38133333333332
bottle 46.592 147.5413333333333 53.312 162.47466666666668
bottle 37.632000000000005 142.16533333333334 44.800000000000004 158.29333333333332
bottle 28.672 139.17866666666666 36.288000000000004 157.09866666666667
bottle 17.024 115.28533333333334 25.536 155.904
bottle 14.784 138.58133333333333 23.744 157.696
bottle 4.48 134.99733333333333 11.648 175.616
