person 21.056 65.68421052631578 42.56 116.7719298245614
person 57.792 59.50877192982456 83.328 131.9298245614035
person 99.008 48.28070175438596 124.54400000000001 128.56140350877195
person 132.608 50.526315789473685 166.208 92.63157894736841
person 13.44 97.68421052631578 39.872 138.10526315789474
person 41.216 102.73684210526315 60.032000000000004 130.80701754385964
person 79.29599999999999 92.63157894736841 100.352 152.140350877193
person 139.776 84.7719298245614 167.552 130.24561403508773
person 173.376 82.52631578947368 195.328 117.89473684210526
horse 0.896 124.63157894736841 20.608 215.57894736842104
horse 3.584 122.3859649122807 55.104 211.0877192982456
horse 42.56 130.80701754385964 71.68 209.40350877192984
horse 66.304 117.33333333333334 110.208 200.42105263157896
horse 110.208 103.29824561403508 179.20000000000002 194.80701754385964
horse 142.464 96.56140350877192 212.79999999999998 189.75438596491227
