motorbike 12.096 140.37333333333333 27.776 179.20000000000002
motorbike 43.456 136.78933333333333 58.24 180.99200000000002
person 28.672 129.024 38.976 175.616
person 35.84 124.84266666666667 48.832 179.20000000000002
person 89.152 120.66133333333332 104.83200000000001 190.54933333333332
person 168.448 123.64800000000001 180.096 173.824
person 196.672 129.024 206.52800000000002 148.13866666666667
motorbike 68.544 143.36 81.536 180.99200000000002
motorbike 77.50399999999999 139.776 90.49600000000001 173.824
motorbike 195.328 148.13866666666667 208.32000000000002 178.00533333333334
person 77.952 130.21866666666668 84.672 148.73600000000002
car 107.52 133.20533333333333 159.488 193.536
