car 9.856 42.410666666666664 211.456 194.73066666666665
car 170.24 23.296 198.464 38.22933333333333
car 130.368 22.101333333333333 172.032 38.82666666666667
car 125.888 38.82666666666667 224.0 115.28533333333334
car 96.32 23.893333333333334 136.192 44.202666666666666
car 29.12 27.47733333333333 86.464 62.12266666666666
car 0.448 32.256 29.568 80.64
car 0.448 19.712 25.984 42.410666666666664
car 24.192 20.309333333333335 49.728 40.61866666666667
car 54.208 19.114666666666665 81.984 30.464000000000002
car 118.272 17.92 138.432 32.256
car 0.448 145.7493333333333 17.92 224.0
person 203.392 7.7653333333333325 224.0 62.12266666666666
person 193.984 14.336 199.808 28.672
person 186.368 13.141333333333334 193.536 24.49066666666667
person 169.344 11.946666666666667 179.20000000000002 27.47733333333333
person 160.832 11.349333333333334 169.792 28.672
person 156.79999999999998 12.544 158.59199999999998 20.309333333333335
person 150.08 10.154666666666667 157.248 23.296
person 127.23199999999999 11.946666666666667 132.16 19.114666666666665
person 110.656 10.752 115.136 18.517333333333333
person 117.82400000000001 10.752 124.096 17.92
person 81.088 8.362666666666668 99.456 39.424
