pottedplant 167.25333333333333 123.64800000000001 188.16 182.33599999999998
pottedplant 114.688 142.016 123.64800000000001 156.79999999999998
pottedplant 120.66133333333332 143.36 129.024 157.248
pottedplant 129.62133333333333 144.256 144.55466666666666 163.51999999999998
chair 146.34666666666666 180.096 178.00533333333334 220.864
chair 183.38133333333332 170.688 211.456 188.608
chair 120.06400000000001 183.232 161.28 224.0
chair 157.09866666666667 189.05599999999998 198.912 224.0
diningtable 135.59466666666665 182.33599999999998 223.40266666666665 224.0
person 52.565333333333335 137.984 91.98933333333333 224.0
person 94.37866666666667 135.296 117.67466666666667 157.248
person 91.392 143.808 122.45333333333332 214.59199999999998
person 27.47733333333333 136.64 40.61866666666667 173.376
person 39.424 139.776 50.77333333333333 172.48000000000002
