person 14.336 37.632000000000005 70.784 100.94933333333333
person 54.208 65.10933333333334 80.192 114.09066666666666
person 86.912 64.512 108.864 224.0
person 99.456 58.53866666666666 136.64 224.0
person 124.99200000000002 63.31733333333334 162.176 139.776
person 139.776 44.800000000000004 162.176 76.45866666666666
person 130.368 54.95466666666666 211.00799999999998 224.0
person 182.784 45.99466666666667 224.0 223.40266666666665
person 44.800000000000004 72.27733333333333 95.872 224.0
person 0.448 48.384 57.792 224.0
