bus 102.592 41.216 119.168 69.888
bus 114.688 1.1946666666666665 224.0 222.208
person 176.96 89.60000000000001 208.32000000000002 224.0
person 136.64 100.94933333333333 193.088 224.0
person 103.936 89.00266666666667 144.256 215.63733333333334
person 68.096 142.16533333333334 147.84 224.0
person 12.992 128.42666666666668 73.47200000000001 224.0
person 124.99200000000002 80.04266666666666 136.64 99.75466666666668
person 122.304 91.392 139.328 121.25866666666667
person 49.28 68.69333333333333 60.480000000000004 92.58666666666667
