bottle 67.648 14.933333333333334 81.088 74.06933333333333
bottle 82.88 1.1946666666666665 100.8 76.45866666666666
bottle 101.696 1.1946666666666665 119.168 75.86133333333333
bottle 120.06400000000001 0.5973333333333333 138.432 76.45866666666666
bottle 139.776 1.1946666666666665 157.696 75.26400000000001
bottle 158.144 0.5973333333333333 176.512 75.86133333333333
bottle 177.40800000000002 1.1946666666666665 195.328 76.45866666666666
bottle 196.224 0.5973333333333333 211.456 75.26400000000001
bottle 211.904 0.5973333333333333 224.0 74.66666666666666
bottle 1.792 107.52 32.256 222.208
bottle 27.776 108.11733333333333 57.792 219.81866666666664
bottle 41.664 95.57333333333334 59.136 158.89066666666668
bottle 55.104 101.54666666666667 82.432 215.63733333333334
bottle 69.888 95.57333333333334 86.016 133.20533333333333
bottle 81.984 103.936 107.96799999999999 219.22133333333335
bottle 97.216 94.976 106.624 116.48
bottle 105.728 100.94933333333333 117.376 143.95733333333334
bottle 124.54400000000001 91.392 133.504 120.06400000000001
bottle 125.888 99.75466666666668 141.568 141.568
bottle 152.32000000000002 99.75466666666668 167.552 143.95733333333334
bottle 150.976 89.00266666666667 169.792 134.4
bottle 177.856 88.40533333333333 193.984 142.16533333333334
bottle 204.288 87.808 224.0 134.4
bottle 105.728 106.32533333333333 132.16 218.02666666666667
bottle 132.16 105.728 156.79999999999998 218.02666666666667
bottle 157.696 107.52 184.576 217.42933333333335
bottle 184.128 97.36533333333333 211.00799999999998 218.02666666666667
bottle 209.66400000000002 108.11733333333333 224.0 218.02666666666667
