person 189.952 54.95466666666666 215.93599999999998 122.45333333333332
cow 110.208 74.66666666666666 136.64 96.768
cow 69.888 71.68 103.488 96.17066666666668
cow 58.24 88.40533333333333 97.216 105.728
cow 6.72 98.56 29.12 115.88266666666667
cow 62.272000000000006 116.48 171.584 209.66400000000002
cow 8.512 158.89066666666668 110.208 224.0
cow 173.824 121.25866666666667 224.0 224.0
cow 1.344 106.92266666666667 63.61599999999999 186.368
cow 64.96 186.368 170.24 224.0
cow 132.608 92.58666666666667 202.496 139.776
cow 118.272 103.936 147.392 124.84266666666667
