chair 149.184 148.13866666666667 205.184 224.0
chair 70.336 121.85600000000001 107.52 188.16
chair 52.864 116.48 84.672 173.22666666666666
chair 35.392 108.11733333333333 61.824000000000005 160.08533333333332
chair 25.536 104.53333333333333 48.384 146.34666666666666
chair 5.376 99.75466666666668 30.912000000000003 139.17866666666666
chair 0.448 97.36533333333333 17.024 132.01066666666668
tvmonitor 16.576 78.25066666666666 22.400000000000002 93.78133333333334
tvmonitor 21.504 78.848 27.328 96.17066666666668
tvmonitor 27.328 79.44533333333334 38.976 96.768
tvmonitor 38.528 80.04266666666666 47.936 99.75466666666668
tvmonitor 44.800000000000004 80.64 57.792 102.74133333333333
tvmonitor 56.0 82.432 75.26400000000001 106.92266666666667
tvmonitor 77.952 83.62666666666667 97.664 111.70133333333332
tvmonitor 96.32 87.808 122.304 118.86933333333332
tvmonitor 133.05599999999998 91.98933333333333 165.312 133.20533333333333
tvmonitor 175.616 97.36533333333333 220.864 146.34666666666666
