car 75.26400000000001 90.79466666666667 180.99200000000002 143.36
person 20.608 69.888 35.84 121.25866666666667
person 172.48000000000002 78.848 183.232 118.272
person 186.816 77.65333333333334 196.672 117.67466666666667
person 193.984 74.66666666666666 207.424 119.46666666666667
person 215.93599999999998 78.25066666666666 224.0 118.272
person 213.248 74.66666666666666 219.968 118.272
car 34.496 81.23733333333334 69.888 101.54666666666667
person 47.04 72.87466666666666 56.896 102.144
person 64.064 72.27733333333333 74.36800000000001 103.936
person 71.232 74.06933333333333 77.952 102.144
car 0.896 72.27733333333333 21.056 94.976
car 144.704 79.44533333333334 167.552 91.98933333333333
