car 8.512 21.504 224.0 149.33333333333331
motorbike 4.48 21.504 222.656 181.58933333333334
person 199.808 10.154666666666667 220.864 64.512
person 39.424 9.557333333333332 62.272000000000006 48.384
person 14.336 15.530666666666665 30.464000000000002 54.95466666666666
person 4.032 8.96 17.024 56.14933333333333
person 154.112 17.92 173.376 63.91466666666666
person 97.216 13.141333333333334 108.416 25.088
person 85.12 17.322666666666667 94.08 25.685333333333332
person 67.648 14.336 80.64 30.464000000000002
person 132.608 17.322666666666667 144.256 28.672
person 150.52800000000002 17.322666666666667 156.79999999999998 30.464000000000002
person 155.904 17.322666666666667 164.864 32.256
person 185.024 22.101333333333333 197.12 48.98133333333334
person 219.072 19.114666666666665 224.0 55.552
