diningtable 0.5973333333333333 156.35199999999998 158.29333333333332 224.0
diningtable 65.10933333333334 87.808 165.46133333333333 196.672
person 2.389333333333333 84.672 89.60000000000001 164.416
person 37.034666666666666 76.16000000000001 84.82133333333333 131.26399999999998
person 68.096 70.336 114.09066666666666 124.096
person 105.728 67.2 148.13866666666667 104.83200000000001
person 147.5413333333333 70.336 197.12 112.44800000000001
person 191.14666666666668 81.536 224.0 105.728
person 158.89066666666668 86.912 224.0 190.4
person 144.55466666666666 139.776 224.0 224.0
person 4.778666666666666 48.384 26.88 77.056
