tvmonitor 67.648 90.26865671641791 95.42399999999999 129.0507462686567
pottedplant 10.304 84.91940298507463 21.952 115.6776119402985
pottedplant 7.6160000000000005 102.3044776119403 14.336 117.01492537313432
pottedplant 0.448 100.29850746268657 8.512 123.70149253731344
pottedplant 16.128 116.34626865671643 27.328 139.08059701492536
pottedplant 8.512 120.35820895522389 17.472 143.09253731343284
pottedplant 2.24 121.69552238805969 9.856 145.76716417910447
pottedplant 11.200000000000001 153.7910447761194 19.264 167.16417910447763
pottedplant 14.784 139.7492537313433 26.88 162.48358208955224
sofa 83.328 126.37611940298508 199.808 223.33134328358207
