bicycle 51.52 55.15915915915916 79.744 140.58858858858858
bicycle 73.024 83.41141141141141 104.83200000000001 175.56756756756755
bicycle 116.48 96.19219219219218 150.976 178.9309309309309
bicycle 150.976 50.450450450450454 176.06400000000002 124.44444444444446
bicycle 97.216 67.26726726726727 124.54400000000001 135.87987987987987
bicycle 176.512 31.615615615615617 193.088 87.44744744744744
person 149.632 10.09009009009009 189.05599999999998 110.990990990991
person 179.64800000000002 0.6726726726726726 206.52800000000002 80.04804804804805
person 114.688 50.450450450450454 158.59199999999998 162.1141141141141
person 73.92 33.633633633633636 114.688 163.45945945945945
person 106.624 14.798798798798797 132.16 116.37237237237235
person 125.888 4.708708708708709 149.184 64.57657657657657
person 80.192 0.6726726726726726 114.24000000000001 33.633633633633636
person 56.896 15.471471471471471 98.56 96.86486486486487
person 108.416 0.6726726726726726 142.016 15.471471471471471
