sheep 126.33599999999998 78.50151057401813 176.06400000000002 163.09365558912387
sheep 88.70400000000001 76.47129909365559 149.632 171.89123867069486
sheep 64.064 84.59214501510574 130.816 176.62839879154077
sheep 42.112 94.06646525679758 133.05599999999998 221.96978851963746
sheep 18.816000000000003 100.1570996978852 104.384 224.0
person 0.448 0.676737160120846 73.47200000000001 223.32326283987916
person 127.23199999999999 11.50453172205438 167.10399999999998 100.83383685800605
person 175.168 14.211480362537763 203.84 145.4984894259819
person 213.696 3.38368580060423 224.0 210.46525679758307
person 66.304 4.737160120845922 95.872 108.95468277945619
person 39.872 10.827794561933535 66.752 106.92447129909365
sheep 166.656 162.416918429003 224.0 224.0
