motorbike 185.92 132.66666666666666 214.144 186.0
motorbike 109.75999999999999 170.66666666666666 154.56 222.66666666666669
motorbike 81.536 144.66666666666669 103.936 205.33333333333331
motorbike 23.744 148.66666666666666 47.488 194.66666666666669
car 56.0 102.0 111.55199999999999 158.66666666666669
car 3.584 110.66666666666667 10.304 143.33333333333331
person 184.128 93.33333333333334 215.488 167.33333333333334
person 112.896 95.33333333333333 153.66400000000002 218.0
person 74.816 94.0 110.208 184.0
person 19.712 100.66666666666667 48.832 184.0
person 22.400000000000002 95.33333333333333 53.76 178.0
person 12.992 104.0 21.504 133.33333333333334
person 6.272 102.66666666666666 15.232000000000001 132.0
