car 214.59199999999998 124.82442748091604 224.0 144.4885496183206
car 192.192 118.83969465648856 216.832 143.63358778625954
car 184.576 124.82442748091604 198.912 143.63358778625954
car 171.584 123.1145038167939 183.232 142.77862595419847
car 134.84799999999998 119.69465648854961 151.424 141.06870229007635
car 89.60000000000001 119.69465648854961 105.28 145.34351145038167
car 67.2 119.69465648854961 86.912 144.4885496183206
car 49.28 120.54961832061068 65.408 149.61832061068702
car 19.712 120.54961832061068 41.664 147.05343511450383
car 0.896 123.1145038167939 17.92 144.4885496183206
boat 150.976 132.51908396946567 159.04 161.58778625954199
boat 119.61600000000001 131.66412213740458 129.47199999999998 165.00763358778624
boat 109.75999999999999 135.08396946564886 118.72 166.71755725190837
boat 103.488 131.66412213740458 112.896 172.70229007633586
boat 89.152 131.66412213740458 98.56 165.00763358778624
boat 65.408 133.3740458015267 76.608 165.00763358778624
boat 21.504 135.08396946564886 32.256 167.57251908396947
car 145.15200000000002 112.0 171.136 145.34351145038167
