person 0.448 63.91466666666666 20.608 151.72266666666667
person 18.368000000000002 89.00266666666667 43.456 149.33333333333331
person 56.0 85.41866666666667 76.16000000000001 102.74133333333333
person 82.432 81.83466666666666 93.184 99.15733333333333
person 100.352 57.94133333333333 111.55199999999999 74.06933333333333
person 122.75200000000001 56.14933333333333 131.26399999999998 64.512
person 138.432 50.77333333333333 145.6 61.525333333333336
person 159.04 78.25066666666666 171.584 99.15733333333333
person 189.05599999999998 77.056 197.12 89.00266666666667
person 206.976 77.65333333333334 215.93599999999998 90.19733333333333
person 188.16 46.592 200.256 80.64
car 36.288000000000004 57.344 224.0 186.368
person 121.85600000000001 38.22933333333333 138.88 64.512
person 108.416 40.02133333333333 120.96000000000001 67.49866666666667
person 90.944 38.22933333333333 107.52 89.00266666666667
