cow 100.352 108.97297297297298 127.23199999999999 173.54954954954954
cow 120.96000000000001 115.02702702702702 138.432 163.45945945945945
cow 129.92 110.31831831831832 149.184 159.4234234234234
cow 141.568 109.64564564564564 155.904 159.4234234234234
cow 80.192 110.31831831831832 100.352 166.15015015015015
cow 46.144 106.28228228228228 57.792 128.48048048048048
cow 58.24 109.64564564564564 75.26400000000001 127.13513513513513
cow 30.464000000000002 108.97297297297298 46.144 156.06006006006004
cow 50.176 117.71771771771773 68.992 169.51351351351352
cow 63.61599999999999 126.46246246246247 84.224 183.63963963963963
car 13.888 93.5015015015015 32.704 121.75375375375374
car 0.448 91.48348348348348 15.232000000000001 115.6996996996997
person 48.384 98.2102102102102 55.552 104.93693693693693
