person 79.744 102.91891891891892 134.4 181.62162162162164
person 112.896 41.033033033033036 190.84799999999998 174.8948948948949
person 3.584 0.6726726726726726 28.672 68.61261261261261
person 25.984 0.6726726726726726 43.456 63.90390390390391
person 40.768 0.6726726726726726 68.096 64.57657657657657
person 72.128 0.6726726726726726 91.83999999999999 69.28528528528528
person 89.152 0.6726726726726726 109.75999999999999 65.24924924924925
person 98.56 0.6726726726726726 124.54400000000001 71.97597597597597
person 160.384 0.6726726726726726 180.096 71.97597597597597
person 178.752 0.6726726726726726 201.6 73.32132132132132
person 199.36 0.6726726726726726 220.864 71.97597597597597
person 123.64800000000001 0.6726726726726726 148.73600000000002 47.75975975975976
