person 66.304 47.78666666666667 197.568 224.0
person 152.32000000000002 41.81333333333333 192.64 158.89066666666668
person 0.448 68.69333333333333 56.896 224.0
person 199.808 166.05866666666665 224.0 224.0
person 186.816 66.90133333333334 224.0 197.12
person 220.864 2.389333333333333 224.0 38.82666666666667
person 206.08 0.5973333333333333 215.93599999999998 38.82666666666667
person 192.192 0.5973333333333333 204.288 40.02133333333333
person 176.96 0.5973333333333333 185.47199999999998 38.22933333333333
person 114.688 6.570666666666667 126.33599999999998 45.99466666666667
person 89.60000000000001 10.752 95.872 48.98133333333334
person 56.896 35.242666666666665 62.272000000000006 63.91466666666666
person 50.624 38.22933333333333 56.0 65.10933333333334
person 46.592 40.61866666666667 50.176 63.91466666666666
person 0.448 61.525333333333336 24.64 127.82933333333332
