chair 41.216 127.82933333333332 94.08 203.69066666666666
chair 1.792 175.616 33.6 224.0
chair 12.992 118.86933333333332 54.208 182.784
chair 92.288 103.936 115.136 142.16533333333334
chair 110.656 117.67466666666667 143.36 166.05866666666665
chair 123.64800000000001 100.352 138.432 114.09066666666666
chair 134.84799999999998 106.32533333333333 157.248 130.816
chair 142.016 96.768 157.696 108.11733333333333
chair 154.112 94.976 163.072 106.92266666666667
chair 162.176 100.94933333333333 170.24 108.11733333333333
chair 166.656 103.936 187.712 133.20533333333333
chair 201.15200000000002 96.768 217.728 117.07733333333331
chair 189.05599999999998 97.96266666666668 197.568 114.688
