boat 0.448 25.088 224.0 74.06933333333333
boat 0.448 31.65866666666667 224.0 124.24533333333332
person 1.344 115.28533333333334 41.216 179.7973333333333
person 72.128 88.40533333333333 97.664 180.99200000000002
person 91.83999999999999 90.19733333333333 128.576 148.13866666666667
person 158.144 65.70666666666666 184.576 152.32000000000002
person 184.128 65.10933333333334 215.93599999999998 121.25866666666667
person 179.64800000000002 4.181333333333334 206.52800000000002 38.22933333333333
person 138.432 7.7653333333333325 173.376 42.410666666666664
person 103.488 14.933333333333334 130.368 49.57866666666666
person 20.16 28.672 46.144 59.733333333333334
person 74.816 20.309333333333335 98.112 50.77333333333333
dog 56.896 166.05866666666665 89.152 216.23466666666667
