bird 155.456 190.54933333333332 182.33599999999998 222.208
bird 190.84799999999998 195.92533333333336 204.288 216.832
bird 217.728 201.89866666666666 224.0 222.80533333333335
bird 106.624 201.30133333333333 120.512 222.208
bird 124.096 204.288 151.872 222.208
person 61.824000000000005 71.68 119.168 194.73066666666665
person 61.376000000000005 4.181333333333334 97.216 108.71466666666667
person 17.92 5.376 33.6 67.49866666666667
person 27.776 1.792 46.592 69.888
person 0.896 2.389333333333333 21.952 60.33066666666666
bird 10.304 211.456 30.016000000000002 224.0
person 219.51999999999998 1.792 224.0 16.128
person 214.59199999999998 0.5973333333333333 218.176 15.530666666666665
person 210.56 0.5973333333333333 215.488 17.92
person 203.84 0.5973333333333333 211.904 18.517333333333333
