bus 91.83999999999999 17.92 158.59199999999998 139.776
bus 120.512 0.5973333333333333 201.6 23.296
car 142.912 12.544 202.496 54.35733333333334
car 78.848 40.02133333333333 108.864 77.056
car 32.704 17.322666666666667 110.656 54.95466666666666
car 0.896 29.26933333333333 54.656 72.27733333333333
car 20.16 87.21066666666667 110.656 161.28
person 87.36 65.70666666666666 97.216 112.29866666666666
person 60.928000000000004 63.91466666666666 70.784 89.60000000000001
person 26.432 123.05066666666667 45.248000000000005 186.368
person 6.72 112.29866666666666 20.608 175.616
person 65.856 0.5973333333333333 75.26400000000001 19.114666666666665
